GGCTGGCTCTCCAATTCCATGCAGAATT	106957445	4877184	72.1	86856968	3.89
GACTAGCATTCCAATTCCATACACTAAG	116391399	4833685	72.58	93413152	1.01
ATTGAGGATACTACTGCAAGATGGCATG	110343538	4985043	72.1	88886888	1.75
GACTAGCATTATAATCGCGGAGTACTCC	116348506	5219160	74.17	93373829	2.03
GGTTAGTTGGACGCTTCGTCCATAGAGT	108400287	4716694	75.72	89048039	1.44
GAAGAGTATTCCAATTCCATGATCTATC	110330950	4718426	68.35	88661571	1.09
TCCATACCTGATAATCGCGGAGCTCGCT	108013021	4629711	75.69	88201697	1.28
TGCGGCCTGGCATTACCAAGTAAGGTCA	119528099	5304576	73.22	97484295	1.71
GCAGGTCGTCCCAATTCCATACACTAAG	115063860	5101139	73.52	93159401	2.07
TGCGGCCTGGCTACTGCAAGCTCACCAA	108646469	4596490	74.54	87785084	1.41
GCAGGTCGTCGTACCTGAATCCGTGAAG	114646360	4886121	75.65	93064927	1.4
GACTAGCATTCTACTGCAAGTCATCCTT	106590409	4509116	78.46	85214428	3.74
ATTGAGGATACATTACCAAGACCTTGGC	102852337	4536119	75.48	83270322	5.99
TCCATACCTGGGTCGACTTGGTGTCGGA	105422631	4502443	82.03	85696103	6.98
GCAGGTCGTCACGCTTCGTCAGGTTATA	106896782	4584762	75.65	88404248	1.14
TGCGGCCTGGATAATCGCGGGACGTCTT	104350178	4576175	70.12	85657985	1.05
GCAGGTCGTCCATTACCAAGGCGGCACA	105472906	4303586	75.89	87103519	1.74
GGTTAGTTGGACGCTTCGTCAGGTTATA	119827604	4834302	77.53	97804790	4.42
GGCTGGCTCTACGCTTCGTCAAGTCCAA	114637965	4882748	78.01	92267834	5.98
TGCGGCCTGGCTACTGCAAGTACCGAGG	116899513	5082655	75.91	94283991	2.19
GAAGCAGCGGCTACTGCAAGTGGATCGA	116083988	5102966	75.64	94296232	4.94
TGCGGCCTGGCATTACCAAGTGACGAAT	103879432	4862018	73.62	85040757	6.3
GCAGGTCGTCCCAATTCCATCGTTAGAA	108397938	4716432	76.73	88713198	3.59
GGTTAGTTGGACGCTTCGTCTTGCCTAG	118462250	5075173	74.11	95967057	1.54
TCCATACCTGATAATCGCGGAAGTCCAA	104817559	4756199	73.65	85686148	5.21
GGTTAGTTGGACGCTTCGTCCTACGACA	103775198	4531224	73.67	84866614	1.22
ATTGAGGATAACGCTTCGTCCGCCGATC	106462778	4372087	77.09	86598316	3.09
TCCATACCTGCTACTGCAAGCCATTCGA	107992128	4720893	76.02	88196421	9.53
GGCTGGCTCTCATTACCAAGGTTCCAAT	103187110	4590472	74.03	83377490	2.77
GAAGCAGCGGCTACTGCAAGCCTTCACC	103738272	4534509	74.68	84369657	1.36
GGCTGGCTCTGTACCTGAATTAAGTGGT	106711504	4469683	75.49	86914676	2.84
GAAGCAGCGGCTACTGCAAGACAGGCGC	113481941	4999159	77.8	92500951	3.39
ATTGAGGATACTACTGCAAGCCGCGGTT	107029784	4762263	73.55	86191034	1.62
TGCGGCCTGGGGTCGACTTGAGGTTATA	113802996	5086656	80.95	93139900	6.95
TCCATACCTGATAATCGCGGTGGATCGA	110652235	4978845	74.61	90170687	4.59
GGTTAGTTGGGTACCTGAATGCAATGCA	115327883	4988922	73.97	92846741	1.25
ATTGAGGATAACGCTTCGTCTAAGGTCA	116628882	4956483	75.33	94834293	5.3
TCCATACCTGCATTACCAAGAAGTCCAA	107576708	4927442	72.37	86744177	1.65
TGCGGCCTGGCATTACCAAGGACCTGAA	105930877	4849726	76.76	86629667	6.31
GAAGCAGCGGCTACTGCAAGAAGTCCAA	113972502	5139638	79.5	92991423	6.79
GGTTAGTTGGTCGATGATACGGTACCTT	105207473	4456182	77.7	88390816	4.4
ATTGAGGATACCAATTCCATTTGCCTAG	105518604	4616346	75.88	85112793	5.8
TGCGGCCTGGGGTCGACTTGGCGGCACA	118628000	4804769	75.67	95393127	5.7
CTCTGGAGACCCAATTCCATGGTCACGA	108006621	4547577	80.73	87905088	4.11
TCCATACCTGCATTACCAAGGATCTATC	119347694	5179454	75.08	95797040	1.96
GAAGAGTATTACGCTTCGTCACGCACCT	114627039	4830277	77.51	92478425	2.82
GACTAGCATTGTACCTGAATGTATGTTC	106797183	4533643	74.89	86873790	1.32
ATTGAGGATACCAATTCCATCACGAGCG	104380792	4490347	70.24	84576070	1.21
TGCGGCCTGGATAATCGCGGGGTACCTT	105302279	4645846	79.36	86133578	3.38
TGCGGCCTGGCATTACCAAGCGGACAAC	112087492	4857093	72.11	90790200	1.07
