ACGCGACGGCACGAGAATCACTGTCATG	27258073	923300	82.21	21341679	0.54	2
ACGCGACGGCTATACCGAAGCGCCTATA	29188802	918053	81.16	22528736	0.53	2
ACTTCTGCCAACGCTTCGTCAGTACTCC	25963119	1039143	71.63	21429728	0.45	2
ACTTCTGCCAACGCTTCGTCGATGATCC	29345922	1144694	74.76	24104451	0.45	1
ACTTCTGCCAAGATAGAGGTCGTCTGCG	27393943	1249755	68.49	23454887	0.54	1
ACTTCTGCCAATAATCGCGGCTGATGCT	28318992	1264972	69.86	23883025	0.46	1
ACTTCTGCCACCAATTCCATATATGGAT	27015038	1059051	63.08	22263860	0.44	1
ACTTCTGCCACCAATTCCATGCAGAATT	27557109	1055616	75.8	22609194	0.45	1
ACTTCTGCCACTTGCGTAACACATTACC	25065324	914385	78.03	21412414	0.54	2
ACTTCTGCCAGCTAAGTAACCAGCGAAT	28363371	1014753	76.73	22870644	0.41	1
ACTTCTGCCAGTACCTGAATATCGAACC	25158817	969327	72.54	20573824	0.44	2
ACTTCTGCCAGTACCTGAATATCTGAAT	27028593	1023179	72.08	22164234	0.44	3
ACTTCTGCCAGTACCTGAATCTGATGCT	25002556	1044099	75.46	20823559	0.45	1
ACTTCTGCCAGTACCTGAATGTGTCGGA	25111901	954413	72.28	20600339	0.44	2
ACTTCTGCCATCGATGATACGTATGGCA	26960689	970010	74.33	22432638	0.44	2
ACTTCTGCCATTGCGGCGGTGCTTGTCA	29732114	1253936	73.27	24731475	0.42	2
ACTTCTGCCATTGGTCGAATGCCGTATT	27356618	1235449	66.13	23403204	0.5	2
ACTTCTGCCATTGGTCGAATGGACTTGG	27160718	1246243	62.75	23182562	0.5	1
GAAGAGTATTAACGGCCTAGAGTGTTAG	25209641	691917	82.73	17574942	0.56	2
GAAGAGTATTAACGGCCTAGCAATTCAT	29573385	880950	79.62	20930176	0.56	1
GAAGAGTATTAACGGCCTAGTAGACGTG	27522211	909808	70.86	19908221	0.56	3
GAAGAGTATTAACGGCCTAGTCCAAGAG	28509465	894045	77.85	20406090	0.57	1
GAAGAGTATTTATACCGAAGCGGAACTG	28942235	862338	79.62	21211808	0.53	2
GAGTTCGATTCTACTGCAAGGTAACCAT	26216744	1043261	77	21693632	0.52	2
GAGTTCGATTTTGCGGCGGTGACATTGT	29721408	1213716	75.14	24689373	0.45	1
GGTTAGTTGGAACGGCCTAGCTTATCGG	27018252	803584	74.41	18751869	0.54	3
GGTTAGTTGGAACGGCCTAGGGCATTCT	29665201	895407	72.51	20498812	0.54	1
GGTTAGTTGGATCGTTGGCCACGCACCT	26134740	750252	72.45	18554849	0.58	2
GGTTAGTTGGATCGTTGGCCGCTCATTG	26790127	762958	68.79	18946586	0.58	3
GGTTAGTTGGGGTTGCATTCGTATGCGA	25027254	811522	80.53	18963193	0.49	1
GGTTAGTTGGTATACCGAAGGTGGACTT	28074721	799533	81.61	19965843	0.55	2
TACCGATAGAATAATCGCGGGTGTCGAT	25668756	1122699	74.19	21974303	0.48	1
TCTAATGAAGACGAGGAGCCGTGAATAT	25666938	993892	73.05	21829846	0.56	3
TCTAATGAAGGTACCTGAATGACCTGAA	25615910	1116605	72.63	21730404	0.46	1
TCTAATGAAGGTAGTAGTCCTGAGATAC	29295969	1344262	66.23	24981449	0.55	1
TCTAATGAAGTATCTTAAGTGTATGGCA	26000687	1107028	71.04	21769258	1.4	3
TTCATAGACGACGAGGAGCCGTAGAGTT	25865966	1082807	78.56	22288693	0.45	2
TTCATAGACGACGAGGAGCCTCGAATAG	25716385	1055992	64.9	22265458	0.41	2
TTCATATCAAATAATCGCGGATGAGGTG	27989193	1160071	77.26	23583085	0.47	1
TTCATATCAACAAGCGGAGCGGTACCAA	29635992	1216376	74.84	24540634	1.45	1
TTCATATCAACTACTGCAAGATCTGAAT	26896633	1196320	70.42	22346878	0.43	2
TTCATATCAAGCTAAGTAACCAGTATGT	29711023	1164093	73.57	23943706	0.36	2
TTCATATCAAGCTAAGTAACCTGATGCT	29717493	1178671	67.21	23879026	0.35	3
TTCATATCAAGCTAAGTAACCTGCCAAT	25609585	972700	67.01	20548829	0.35	2
TTCATATCAAGGTACCGGCTGCCTAACA	26326565	1233094	59.1	22656547	0.51	1
TTCATATCAATCGATGATACGCAGAATT	26012317	1131085	68.17	22202194	0.35	1
TTCATATCAATGGCCATGCCTAGTCAAC	28363359	1313449	64.08	23776739	0.36	2
TTCATATCAATTACGGCGAAGTAACCAT	25297894	1037450	72.28	21099950	0.44	2
TTCATATCAATTGCGGCGGTCTTAATCA	25476939	1054258	65.3	21293006	0.41	3
TTCATATCAATTGGTCGAATGAAGTTCC	27075888	1171238	75.42	23258985	1.93	3
